"121 132 113 112",
"121 133 113 112",
"233 123 113 112",
"233 223 113 112",
"121 123 131 112",
"121 123 133 112",

"121 113 112 123 131",
"132 121 113 112 123",
"121 113 112 123 133",
"121 232 113 112 123",
"121 113 112 123 233",
"132 121 113 112 133",
"132 121 113 112 212",
"132 121 113 112 213",
"132 121 113 112 223",
"132 121 232 113 112",
"132 121 113 112 233",
"132 121 313 113 112",
"132 323 121 113 112",
"121 113 112 133 212",
"121 113 112 133 213",
"121 113 112 223 133",
"121 232 113 112 133",
"121 113 112 233 133",
"121 313 113 112 133",

"132 121 113 112 123 131",
"121 113 112 123 131 212",
"121 113 112 213 123 131",
"121 113 112 123 223 131",
"121 232 113 112 123 131",
"121 113 112 123 233 131",
"121 313 113 112 123 131",
"323 121 113 112 123 131",
"132 121 113 112 123 133",
"132 121 113 112 123 212",
"132 121 113 112 123 213",
"132 121 113 112 123 223",
"132 121 232 113 112 123",
"132 121 113 112 123 233",
"132 121 313 113 112 123",
"132 323 121 113 112 123",
"121 113 112 123 133 212",
"121 113 112 123 133 213",
"121 113 112 123 223 133",
"121 232 113 112 123 133",

"132 121 113 112 123 131 212",
"132 121 113 112 213 123 131",
"132 121 113 112 123 223 131",
"132 121 232 113 112 123 131",
"121 113 112 213 123 131 212",
"121 113 112 123 223 131 212",
"121 232 113 112 123 131 212",
"121 113 112 123 233 131 212",
"121 313 113 112 123 131 212",
"323 121 113 112 123 131 212",
"121 113 112 213 123 223 131",
"121 232 113 112 213 123 131",
"121 113 112 213 123 233 131",
"121 313 113 112 213 123 131",
"323 121 113 112 213 123 131",

"132 121 113 112 213 123 131 212",
"132 121 113 112 123 223 131 212",
"132 121 232 113 112 123 131 212",
"132 121 113 112 123 233 131 212",
"132 121 313 113 112 123 131 212",
"132 323 121 113 112 123 131 212",
"132 121 113 112 213 123 223 131",
"132 121 232 113 112 213 123 131",
"132 121 232 113 112 123 223 131",
"132 121 113 112 123 223 233 131",
"132 323 121 113 112 123 223 131",
"132 323 121 232 113 112 123 131",
"121 113 112 213 123 223 131 212",
"121 232 113 112 213 123 131 212",
"121 113 112 213 123 233 131 212",

"132 121 113 112 213 123 223 233 131 212",
"132 121 313 113 112 213 123 223 131 212",
"132 323 121 113 112 213 123 223 131 212",
"132 121 232 113 112 213 123 233 131 212",
"132 121 232 313 113 112 213 123 131 212",
"132 323 121 232 113 112 213 123 131 212",
"132 323 121 113 112 213 123 233 131 212",
"132 121 232 113 112 123 223 233 131 212",

"323 121 232 313 113 112 213 123 223 233 131 212",
"132 323 121 232 313 113 112 123 223 133 213 212",
"132 323 121 232 313 113 112 123 223 233 213 212",
"132 323 121 232 313 112 213 123 223 133 131 212",

"132 323 121 232 313 113 112 213 123 223 233 131 212",
